6.975402873241405288e+00 1.446443456389663318e+00
8.378670336891548942e+00 1.964391333684383412e+01
1.495509660404381869e+01 1.528093935842771423e+01
5.292232942216901215e-01 5.482893797668131342e+00
1.235418040141412988e+01 4.405406777832321374e-01
1.196569367640141834e+01 9.999002222785657423e+00
1.224976782849403278e+01 1.649466460712195115e+01
4.357253374903613974e+00 3.641260962688097624e+00
1.068127744471050811e+01 8.086917551133263160e+00
4.539051108603999296e+00 9.369520112734745609e+00
1.293998926497860680e+01 1.370114954513520011e+01
1.630841094882322651e+01 3.558722545673154158e+00
3.531734975618987527e+00 1.679171835189931627e+01
6.783876838273819487e+00 1.623338653177740554e+01
1.471666650147026800e+01 8.645485946265303312e+00
1.346104801205703971e+01 6.664866812789343342e+00
1.677838157235859740e+01 1.917919170552308117e+01
2.158764522462768287e+00 1.156396948537099512e+00
1.953478665590458974e+01 1.971973888311977774e+01
1.035549308554040593e+01 3.749362933458841862e+00
