6.952318503253720472e+00 1.543742540980792111e+00 1.000000000000000056e-01
6.929234133266035656e+00 1.641041625571920903e+00 2.000000000000000111e-01
6.906149763278350839e+00 1.738340710163049696e+00 3.000000000000000444e-01
6.883065393290666023e+00 1.835639794754178489e+00 4.000000000000000222e-01
6.859981023302981207e+00 1.932938879345307281e+00 5.000000000000000000e-01
6.836896653315296390e+00 2.030237963936436074e+00 6.000000000000000888e-01
6.813812283327611574e+00 2.127537048527564867e+00 7.000000000000000666e-01
6.790727913339926758e+00 2.224836133118693660e+00 8.000000000000000444e-01
6.767643543352241942e+00 2.322135217709822452e+00 9.000000000000000222e-01
6.744559173364557125e+00 2.419434302300951245e+00 1.000000000000000000e+00
6.721474803376872309e+00 2.516733386892080038e+00 1.100000000000000089e+00
6.698390433389187493e+00 2.614032471483208830e+00 1.200000000000000178e+00
6.675306063401502676e+00 2.711331556074337623e+00 1.300000000000000044e+00
6.652221693413817860e+00 2.808630640665466416e+00 1.400000000000000133e+00
6.629137323426133044e+00 2.905929725256595209e+00 1.500000000000000000e+00
6.606052953438448228e+00 3.003228809847724001e+00 1.600000000000000089e+00
6.582968583450763411e+00 3.100527894438852794e+00 1.700000000000000178e+00
6.559884213463078595e+00 3.197826979029981587e+00 1.800000000000000044e+00
6.536799843475393779e+00 3.295126063621110379e+00 1.900000000000000133e+00
6.513715473487708962e+00 3.392425148212239172e+00 2.000000000000000000e+00
6.490631103500024146e+00 3.489724232803367965e+00 2.100000000000000089e+00
6.467546733512339330e+00 3.587023317394496758e+00 2.200000000000000178e+00
6.444462363524654513e+00 3.684322401985625550e+00 2.300000000000000266e+00
6.421377993536969697e+00 3.781621486576754343e+00 2.400000000000000355e+00
6.398293623549284881e+00 3.878920571167883136e+00 2.500000000000000000e+00
6.375209253561600065e+00 3.976219655759011928e+00 2.600000000000000089e+00
6.352124883573915248e+00 4.073518740350141165e+00 2.700000000000000178e+00
6.329040513586230432e+00 4.170817824941270402e+00 2.800000000000000266e+00
6.305956143598545616e+00 4.268116909532399639e+00 2.900000000000000355e+00
6.282871773610860799e+00 4.365415994123528876e+00 3.000000000000000000e+00
6.259787403623175983e+00 4.462715078714658112e+00 3.100000000000000089e+00
6.236703033635491167e+00 4.560014163305787349e+00 3.200000000000000178e+00
6.213618663647806351e+00 4.657313247896916586e+00 3.300000000000000266e+00
6.190534293660121534e+00 4.754612332488045823e+00 3.400000000000000355e+00
6.167449923672436718e+00 4.851911417079175060e+00 3.500000000000000000e+00
6.144365553684751902e+00 4.949210501670304296e+00 3.600000000000000089e+00
6.121281183697067085e+00 5.046509586261433533e+00 3.700000000000000178e+00
6.098196813709382269e+00 5.143808670852562770e+00 3.800000000000000266e+00
6.075112443721697453e+00 5.241107755443692007e+00 3.900000000000000355e+00
6.052028073734012636e+00 5.338406840034821244e+00 4.000000000000000000e+00
6.028943703746327820e+00 5.435705924625950480e+00 4.100000000000000533e+00
6.005859333758643004e+00 5.533005009217079717e+00 4.200000000000000178e+00
5.982774963770958188e+00 5.630304093808208954e+00 4.299999999999999822e+00
5.959690593783273371e+00 5.727603178399338191e+00 4.400000000000000355e+00
5.936606223795588555e+00 5.824902262990467428e+00 4.500000000000000000e+00
5.913521853807903739e+00 5.922201347581596664e+00 4.600000000000000533e+00
5.890437483820218922e+00 6.019500432172725901e+00 4.700000000000000178e+00
5.867353113832534106e+00 6.116799516763855138e+00 4.800000000000000711e+00
5.844268743844849290e+00 6.214098601354984375e+00 4.900000000000000355e+00
5.937525984974477034e+00 6.250196897393585971e+00 5.000000000000000000e+00
6.030783226104104777e+00 6.286295193432187567e+00 5.100000000000000533e+00
6.124040467233732521e+00 6.322393489470789163e+00 5.200000000000000178e+00
6.217297708363360265e+00 6.358491785509390759e+00 5.300000000000000711e+00
6.310554949492988008e+00 6.394590081547992355e+00 5.400000000000000355e+00
6.403812190622615752e+00 6.430688377586593951e+00 5.500000000000000000e+00
6.497069431752243496e+00 6.466786673625195547e+00 5.600000000000000533e+00
6.590326672881871239e+00 6.502884969663797143e+00 5.700000000000000178e+00
6.683583914011498983e+00 6.538983265702398739e+00 5.800000000000000711e+00
6.776841155141126727e+00 6.575081561741000336e+00 5.900000000000000355e+00
6.870098396270754471e+00 6.611179857779601932e+00 6.000000000000000000e+00
6.963355637400382214e+00 6.647278153818203528e+00 6.100000000000000533e+00
7.056612878530009958e+00 6.683376449856805124e+00 6.200000000000000178e+00
7.149870119659637702e+00 6.719474745895406720e+00 6.300000000000000711e+00
7.243127360789265445e+00 6.755573041934008316e+00 6.400000000000000355e+00
7.336384601918893189e+00 6.791671337972609912e+00 6.500000000000000000e+00
7.429641843048520933e+00 6.827769634011211508e+00 6.600000000000000533e+00
7.522899084178148676e+00 6.863867930049813104e+00 6.700000000000000178e+00
7.616156325307776420e+00 6.899966226088414700e+00 6.800000000000000711e+00
7.709413566437404164e+00 6.936064522127016296e+00 6.900000000000000355e+00
7.802670807567031908e+00 6.972162818165617892e+00 7.000000000000000000e+00
7.895928048696659651e+00 7.008261114204219488e+00 7.100000000000000533e+00
7.989185289826287395e+00 7.044359410242821085e+00 7.200000000000000178e+00
8.082442530955914251e+00 7.080457706281422681e+00 7.300000000000000711e+00
8.175699772085541994e+00 7.116556002320024277e+00 7.400000000000000355e+00
8.268957013215169738e+00 7.152654298358625873e+00 7.500000000000000000e+00
8.362214254344797482e+00 7.188752594397227469e+00 7.600000000000000533e+00
8.455471495474425225e+00 7.224850890435829065e+00 7.700000000000000178e+00
8.548728736604052969e+00 7.260949186474430661e+00 7.800000000000000711e+00
8.641985977733680713e+00 7.297047482513032257e+00 7.900000000000000355e+00
8.735243218863308456e+00 7.333145778551633853e+00 8.000000000000000000e+00
8.828500459992936200e+00 7.369244074590235449e+00 8.099999999999999645e+00
8.829166382939646951e+00 7.369477107963041895e+00 8.200000000000001066e+00
8.829766971185391000e+00 7.369683587641493006e+00 8.300000000000000711e+00
8.830308762264825972e+00 7.369865981141441758e+00 8.400000000000000355e+00
8.830797660489182022e+00 7.370026507645297542e+00 8.500000000000000000e+00
8.831238996579349632e+00 7.370167160923690730e+00 8.599999999999999645e+00
8.831637582120897889e+00 7.370289730244652837e+00 8.700000000000001066e+00
8.831997759210620913e+00 7.370395819412960847e+00 8.800000000000000711e+00
8.832323445654596483e+00 7.370486864078537259e+00 8.900000000000000355e+00
8.832618176064329418e+00 7.370564147447600689e+00 9.000000000000000000e+00
8.832885139181337664e+00 7.370628814523954908e+00 9.099999999999999645e+00
8.833127211742764828e+00 7.370681885000906597e+00 9.200000000000001066e+00
8.833346989181693587e+00 7.370724264916949764e+00 9.300000000000000711e+00
8.833546813436639056e+00 7.370756757180912722e+00 9.400000000000000355e+00
8.833728798125518367e+00 7.370780071064799266e+00 9.500000000000000000e+00
8.833894851320589936e+00 7.370794830755246885e+00 9.600000000000001421e+00
8.834046696142666022e+00 7.370801583047466465e+00 9.700000000000001066e+00
8.834185889375534728e+00 7.370800804258764494e+00 9.800000000000000711e+00
8.834313838285018150e+00 7.370792906432320102e+00 9.900000000000000355e+00
8.834431815811582211e+00 7.370778242895861254e+00 1.000000000000000000e+01
8.834540974290886695e+00 7.370757113234214231e+00 1.010000000000000142e+01
8.834642357843135230e+00 7.370729767729429227e+00 1.020000000000000107e+01
8.834736913559552818e+00 7.370696411317289254e+00 1.030000000000000071e+01
8.834825501602738385e+00 7.370657207104489572e+00 1.040000000000000036e+01
8.834908904326992385e+00 7.370612279486596030e+00 1.050000000000000000e+01
8.834987834514922866e+00 7.370561716903068827e+00 1.060000000000000142e+01
8.835062942817684117e+00 7.370505574262102400e+00 1.070000000000000107e+01
8.835134824478009463e+00 7.370443875064826678e+00 1.080000000000000071e+01
8.835204025407758621e+00 7.370376613255459120e+00 1.090000000000000036e+01
8.835271047684864598e+00 7.370303754821318165e+00 1.100000000000000000e+01
8.835336354528415370e+00 7.370225239164141406e+00 1.110000000000000142e+01
8.835400374804992296e+00 7.370140980261927766e+00 1.120000000000000107e+01
8.835463507114303283e+00 7.370050867638485492e+00 1.130000000000000071e+01
8.835526123497521311e+00 7.369954767156003506e+00 1.140000000000000036e+01
8.835588572807616004e+00 7.369852521644292942e+00 1.150000000000000000e+01
8.835651183777150308e+00 7.369743951378789681e+00 1.160000000000000142e+01
8.835714267815655276e+00 7.369628854418028396e+00 1.170000000000000107e+01
8.835778121565601495e+00 7.369507006810007255e+00 1.180000000000000071e+01
8.835843029243237723e+00 7.369378162675717547e+00 1.190000000000000036e+01
8.835909264788062600e+00 7.369242054177037815e+00 1.200000000000000000e+01
8.835977093842464214e+00 7.369098391375232815e+00 1.210000000000000142e+01
8.836046775581060331e+00 7.368946861985413044e+00 1.220000000000000107e+01
8.836118564407424714e+00 7.368787131031491633e+00 1.230000000000000071e+01
8.836192711534325284e+00 7.368618840405442683e+00 1.240000000000000036e+01
8.836269466462074007e+00 7.368441608333970549e+00 1.250000000000000000e+01
8.836349078368362697e+00 7.368255028755070768e+00 1.260000000000000142e+01
8.836431797421738565e+00 7.368058670606386862e+00 1.270000000000000107e+01
8.836517876029882146e+00 7.367852077026709523e+00 1.280000000000000071e+01
8.836607570032910530e+00 7.367634764471478803e+00 1.290000000000000036e+01
8.836701139851108167e+00 7.367406221742661465e+00 1.300000000000000000e+01
8.836798851595796478e+00 7.367165908932945761e+00 1.310000000000000142e+01
8.837840315655501655e+00 7.297244071461922665e+00 1.320000000000000107e+01
8.932036894289245410e+00 7.263673182678680007e+00 1.330000000000000071e+01
8.931336810226449430e+00 7.185441116145328877e+00 1.340000000000000036e+01
8.935602291200773095e+00 7.105542504172511542e+00 1.350000000000000000e+01
9.029798869834516850e+00 7.071971615389268884e+00 1.360000000000000142e+01
9.035114006270342557e+00 6.983777033695800718e+00 1.370000000000000107e+01
9.046381797846594353e+00 6.894633227346274928e+00 1.380000000000000071e+01
9.140578376480338108e+00 6.861062338563032270e+00 1.390000000000000036e+01
9.155643624347030496e+00 6.764530709231125094e+00 1.400000000000000000e+01
9.249840202980774251e+00 6.730959820447882436e+00 1.410000000000000142e+01
9.270833536996367030e+00 6.628045685200484982e+00 1.420000000000000107e+01
9.365030115630110785e+00 6.594474796417242324e+00 1.430000000000000071e+01
9.393748229098132896e+00 6.486660367861894372e+00 1.440000000000000036e+01
9.487944807731876651e+00 6.453089479078651713e+00 1.450000000000000000e+01
9.582141386365620406e+00 6.419518590295409055e+00 1.460000000000000142e+01
9.622243524763902656e+00 6.303885965159401472e+00 1.470000000000000107e+01
9.716440103397646411e+00 6.270315076376158814e+00 1.480000000000000071e+01
9.810636682031390166e+00 6.236744187592916155e+00 1.490000000000000036e+01
9.904833260665133920e+00 6.203173298809673497e+00 1.500000000000000000e+01
9.999029839298877675e+00 6.169602410026430839e+00 1.510000000000000142e+01
1.009322641793262143e+01 6.136031521243188180e+00 1.520000000000000107e+01
1.018742299656636519e+01 6.102460632459945522e+00 1.530000000000000071e+01
1.028161957520010894e+01 6.068889743676702864e+00 1.540000000000000036e+01
1.037581615383385270e+01 6.035318854893460205e+00 1.550000000000000000e+01
1.047001273246759645e+01 6.001747966110217547e+00 1.560000000000000142e+01
1.056420931110134021e+01 5.968177077326974889e+00 1.570000000000000107e+01
1.065840588973508396e+01 5.934606188543732230e+00 1.580000000000000071e+01
1.075260246836882772e+01 5.901035299760489572e+00 1.590000000000000036e+01
1.084679904700257147e+01 5.867464410977246914e+00 1.600000000000000000e+01
1.094099562563631522e+01 5.833893522194004255e+00 1.610000000000000142e+01
1.103519220427005898e+01 5.800322633410761597e+00 1.619999999999999929e+01
1.112938878290380273e+01 5.766751744627518939e+00 1.630000000000000071e+01
1.122358536153754649e+01 5.733180855844276280e+00 1.640000000000000213e+01
1.131778194017129024e+01 5.699609967061033622e+00 1.650000000000000000e+01
1.141197851880503400e+01 5.666039078277790964e+00 1.660000000000000142e+01
1.150617509743877775e+01 5.632468189494548305e+00 1.669999999999999929e+01
1.160037167607252151e+01 5.598897300711305647e+00 1.680000000000000071e+01
1.169456825470626526e+01 5.565326411928062988e+00 1.690000000000000213e+01
1.178876483334000902e+01 5.531755523144820330e+00 1.700000000000000000e+01
1.188296141197375277e+01 5.498184634361577672e+00 1.710000000000000142e+01
1.189531692716358080e+01 5.404108504498058352e+00 1.719999999999999929e+01
1.198951350579732456e+01 5.370537615714815693e+00 1.730000000000000071e+01
1.200707270930037041e+01 5.269558187208679634e+00 1.740000000000000213e+01
1.210126928793411416e+01 5.235987298425436975e+00 1.750000000000000000e+01
1.212600926110144073e+01 5.129430181127525579e+00 1.760000000000000142e+01
1.222020583973518448e+01 5.095859292344282920e+00 1.769999999999999929e+01
1.231440241836892824e+01 5.062288403561040262e+00 1.780000000000000071e+01
1.234985612405998445e+01 4.946617116544723913e+00 1.790000000000000213e+01
1.244405270269372821e+01 4.913046227761481255e+00 1.800000000000000000e+01
1.253824928132747196e+01 4.879475338978238597e+00 1.810000000000000142e+01
1.263244585996121572e+01 4.845904450194995938e+00 1.819999999999999929e+01
1.268596782621974484e+01 4.723043920012083063e+00 1.830000000000000071e+01
1.278016440485348859e+01 4.689473031228840405e+00 1.840000000000000213e+01
1.287436098348723235e+01 4.655902142445597747e+00 1.850000000000000000e+01
1.296855756212097610e+01 4.622331253662355088e+00 1.860000000000000142e+01
1.306275414075471986e+01 4.588760364879112430e+00 1.869999999999999929e+01
1.315695071938846361e+01 4.555189476095869772e+00 1.880000000000000071e+01
1.325114729802220737e+01 4.521618587312627113e+00 1.890000000000000213e+01
1.334534387665595112e+01 4.488047698529384455e+00 1.900000000000000000e+01
1.343954045528969488e+01 4.454476809746141797e+00 1.910000000000000142e+01
1.353373703392343863e+01 4.420905920962899138e+00 1.920000000000000284e+01
1.362793361255718239e+01 4.387335032179656480e+00 1.930000000000000071e+01
1.372213019119092614e+01 4.353764143396413822e+00 1.940000000000000213e+01
1.381632676982466990e+01 4.320193254613171163e+00 1.950000000000000000e+01
1.391052334845841365e+01 4.286622365829928505e+00 1.960000000000000142e+01
1.400471992709215741e+01 4.253051477046685847e+00 1.970000000000000284e+01
1.409891650572590116e+01 4.219480588263443188e+00 1.980000000000000071e+01
1.419311308435964492e+01 4.185909699480200530e+00 1.990000000000000213e+01
1.428730966299338867e+01 4.152338810696957871e+00 2.000000000000000000e+01
1.438150624162713243e+01 4.118767921913715213e+00 2.010000000000000142e+01
1.447570282026087618e+01 4.085197033130472555e+00 2.020000000000000284e+01
1.446627916888606258e+01 4.081392699443354033e+00 2.030000000000000071e+01
1.445762546382863079e+01 4.077003639114321842e+00 2.040000000000000213e+01
1.444963568945232169e+01 4.072048305835594739e+00 2.050000000000000000e+01
1.444221846118581887e+01 4.066539434989755897e+00 2.060000000000000142e+01
1.443529461384624568e+01 4.060484818243997651e+00 2.070000000000000284e+01
1.442879527869254019e+01 4.053887913722768133e+00 2.080000000000000071e+01
1.442266033609502252e+01 4.046748329714720427e+00 2.090000000000000213e+01
1.441683716080439126e+01 4.039062209839476836e+00 2.100000000000000000e+01
1.441127959807560721e+01 4.030822540522677855e+00 2.110000000000000142e+01
1.440594712417345669e+01 4.022019396561667293e+00 2.120000000000000284e+01
1.440080415590841589e+01 4.012640136891462816e+00 2.130000000000000071e+01
1.439581948205955619e+01 4.002669559969202595e+00 2.140000000000000213e+01
1.439096579567459777e+01 3.992090026205802555e+00 2.150000000000000000e+01
1.438621931087354788e+01 3.980881553393889050e+00 2.160000000000000142e+01
1.438155945132556290e+01 3.969021889977395023e+00 2.170000000000000284e+01
1.437696860030416701e+01 3.956486570186180440e+00 2.180000000000000071e+01
1.437243190435799889e+01 3.943248954451635147e+00 2.190000000000000213e+01
1.436793712431023096e+01 3.929280258078359012e+00 2.200000000000000000e+01
1.436347452862709950e+01 3.914549570838068426e+00 2.210000000000000142e+01
1.435903682525288616e+01 3.899023869949775012e+00 2.220000000000000284e+01
1.435461912885284619e+01 3.882668028796851800e+00 2.230000000000000071e+01
1.435021896107894435e+01 3.865444823693610310e+00 2.240000000000000213e+01
1.434583628200606498e+01 3.847314941041830583e+00 2.250000000000000000e+01
1.434147355130021850e+01 3.828236987304123318e+00 2.260000000000000142e+01
1.433713581798935799e+01 3.808167504360580935e+00 2.270000000000000284e+01
1.433283083792062662e+01 3.787060993003330989e+00 2.280000000000000071e+01
1.432856921810931716e+01 3.764869947556129137e+00 2.290000000000000213e+01
1.432436458721468320e+01 3.741544904878525646e+00 2.300000000000000000e+01
1.432023379131297069e+01 3.717034511321043677e+00 2.310000000000000142e+01
1.431619711397265959e+01 3.691285611532342692e+00 2.320000000000000284e+01
1.431227851936256634e+01 3.664243363372401419e+00 2.330000000000000071e+01
1.430850591672994376e+01 3.635851383545287252e+00 2.340000000000000213e+01
1.440270249536368752e+01 3.602280494762044594e+00 2.350000000000000000e+01
1.438904590578310838e+01 3.571174758925794723e+00 2.360000000000000142e+01
1.437684202900613428e+01 3.538294161531236437e+00 2.370000000000000284e+01
1.436598939830831156e+01 3.503612266259945152e+00 2.380000000000000071e+01
1.435641523709134759e+01 3.467097199645390759e+00 2.390000000000000213e+01
1.434807151041449380e+01 3.428713138937943050e+00 2.400000000000000000e+01
1.434093190530064277e+01 3.388421650205678315e+00 2.410000000000000142e+01
1.433498948392455219e+01 3.346182937778245936e+00 2.420000000000000284e+01
1.433025482334978662e+01 3.301957048447001331e+00 2.430000000000000071e+01
1.432675450210551560e+01 3.255705060961992192e+00 2.440000000000000213e+01
1.442095108073925935e+01 3.222134172178749534e+00 2.450000000000000000e+01
1.441016039833627893e+01 3.169841035559924247e+00 2.460000000000000142e+01
1.440207552911025779e+01 3.115316451338494996e+00 2.470000000000000284e+01
1.439660218037513140e+01 3.058562730845655331e+00 2.480000000000000071e+01
1.439368737029226608e+01 2.999585946347451237e+00 2.490000000000000213e+01
1.439331164505004246e+01 2.938398101794448714e+00 2.500000000000000000e+01
1.448750822368378621e+01 2.904827213011206055e+00 2.510000000000000142e+01
1.448314568479179698e+01 2.835863249105610162e+00 2.520000000000000284e+01
1.448277857526516144e+01 2.764842329112401131e+00 2.530000000000000071e+01
1.448626961582484363e+01 2.691827939407253734e+00 2.540000000000000213e+01
1.458046619445858738e+01 2.658257050624011075e+00 2.550000000000000000e+01
1.458310013337576905e+01 2.576971096013506823e+00 2.560000000000000142e+01
1.459083558229056621e+01 2.494201339014293861e+00 2.570000000000000284e+01
1.468503216092430996e+01 2.460630450231051203e+00 2.580000000000000071e+01
1.469469861678411959e+01 2.369881372144901466e+00 2.590000000000000213e+01
1.478889519541786335e+01 2.336310483361658807e+00 2.600000000000000000e+01
1.480278277579830437e+01 2.238133032943906642e+00 2.610000000000000142e+01
1.489697935443204813e+01 2.204562144160663983e+00 2.620000000000000284e+01
1.491724141243017066e+01 2.100056751326763838e+00 2.630000000000000071e+01
1.501143799106391441e+01 2.066485862543521179e+00 2.640000000000000213e+01
1.503984854870691024e+01 1.957224641766672768e+00 2.650000000000000000e+01
1.513404512734065399e+01 1.923653752983430110e+00 2.660000000000000142e+01
1.522824170597439775e+01 1.890082864200187451e+00 2.670000000000000284e+01
1.526852486390429853e+01 1.773226810850406343e+00 2.680000000000000071e+01
1.536272144253804228e+01 1.739655922067163685e+00 2.690000000000000213e+01
1.545691802117178604e+01 1.706085033283921026e+00 2.700000000000000000e+01
1.555111459980552979e+01 1.672514144500678368e+00 2.710000000000000142e+01
1.564531117843927355e+01 1.638943255717435710e+00 2.720000000000000284e+01
1.573950775707301730e+01 1.605372366934193051e+00 2.730000000000000071e+01
1.583370433570676106e+01 1.571801478150950393e+00 2.740000000000000213e+01
1.592790091434050481e+01 1.538230589367707735e+00 2.750000000000000000e+01
1.602209749297425034e+01 1.504659700584465076e+00 2.760000000000000142e+01
1.611629407160799587e+01 1.471088811801222418e+00 2.770000000000000284e+01
1.621049065024174141e+01 1.437517923017979760e+00 2.780000000000000071e+01
1.630468722887548694e+01 1.403947034234737101e+00 2.790000000000000213e+01
1.639888380750923247e+01 1.370376145451494443e+00 2.800000000000000000e+01
1.649308038614297800e+01 1.336805256668251785e+00 2.810000000000000142e+01
1.658727696477672353e+01 1.303234367885009126e+00 2.820000000000000284e+01
1.668147354341046906e+01 1.269663479101766468e+00 2.830000000000000071e+01
1.677567012204421459e+01 1.236092590318523810e+00 2.840000000000000213e+01
1.686986670067796013e+01 1.202521701535281151e+00 2.850000000000000000e+01
1.696406327931170566e+01 1.168950812752038493e+00 2.860000000000000142e+01
1.706738007641936505e+01 1.233111887263237172e+00 2.870000000000000284e+01
1.716157665505311058e+01 1.199540998479994514e+00 2.880000000000000071e+01
1.725577323368685612e+01 1.165970109696751855e+00 2.890000000000000213e+01
1.734996981232060165e+01 1.132399220913509197e+00 2.900000000000000000e+01
1.744416639095434718e+01 1.098828332130266539e+00 2.910000000000000142e+01
1.753836296958809271e+01 1.065257443347023880e+00 2.920000000000000284e+01
1.763255954822183824e+01 1.031686554563781222e+00 2.930000000000000071e+01
1.772675612685558377e+01 9.981156657805384524e-01 2.940000000000000213e+01
1.782095270548932930e+01 9.645447769972956831e-01 2.950000000000000000e+01
1.791514928412307484e+01 9.309738882140529137e-01 2.960000000000000142e+01
1.800934586275682037e+01 8.974029994308101443e-01 2.970000000000000284e+01
1.801999316123484363e+01 9.283334597821845113e-01 2.980000000000000071e+01
1.803259305567414117e+01 9.598653789645548162e-01 2.990000000000000213e+01
1.804712230614077484e+01 9.920633527953182096e-01 3.000000000000000000e+01
1.806357603420739366e+01 1.024982012635449191e+00 3.010000000000000142e+01
1.808196532541760604e+01 1.058666579745149994e+00 3.020000000000000284e+01
1.810231525072102698e+01 1.093153150865747936e+00 3.030000000000000071e+01
1.812466318441234492e+01 1.128468770898711560e+00 3.040000000000000213e+01
1.814905732509799563e+01 1.164631336359199798e+00 3.050000000000000000e+01
1.824325390373174116e+01 1.131060447575957140e+00 3.060000000000000142e+01
1.826514183136228198e+01 1.176504789560860464e+00 3.070000000000000284e+01
1.829036557496056403e+01 1.222071997202709870e+00 3.080000000000000071e+01
1.831885378747062632e+01 1.267827837781045908e+00 3.090000000000000213e+01
1.835056533716090499e+01 1.313810998115379158e+00 3.100000000000000000e+01
1.838548233983221891e+01 1.360035935952383035e+00 3.110000000000000142e+01
1.847967891846596444e+01 1.326465047169140377e+00 3.120000000000000284e+01
1.851563933900853698e+01 1.381576627084259767e+00 3.130000000000000071e+01
1.855591156916497297e+01 1.435935634335297140e+00 3.140000000000000213e+01
1.860035421214855944e+01 1.489595020261969438e+00 3.150000000000000000e+01
1.869455079078230497e+01 1.456024131478726780e+00 3.160000000000000142e+01
1.874285364355225170e+01 1.517289231632878987e+00 3.170000000000000284e+01
1.879608900047560738e+01 1.576693199576880478e+00 3.180000000000000071e+01
1.885400716686446643e+01 1.634319776654318268e+00 3.190000000000000213e+01
1.894820374549821196e+01 1.600748887871075610e+00 3.200000000000000000e+01
1.901234056462008581e+01 1.663571377379532645e+00 3.210000000000000142e+01
1.910653714325383135e+01 1.630000488596289987e+00 3.220000000000000284e+01
1.917835886834948766e+01 1.696235489555710796e+00 3.230000000000000426e+01
1.927255544698323320e+01 1.662664600772468138e+00 3.239999999999999858e+01
1.935311116133264164e+01 1.730161720400829273e+00 3.250000000000000000e+01
1.944730773996638717e+01 1.696590831617586614e+00 3.260000000000000142e+01
1.953707851014492647e+01 1.763034534630766537e+00 3.270000000000000284e+01
1.963127508877867200e+01 1.729463645847523878e+00 3.280000000000000426e+01
1.972547166741241753e+01 1.695892757064281220e+00 3.289999999999999858e+01
1.982922043502624376e+01 1.761315465671697389e+00 3.300000000000000000e+01
1.992341701365998929e+01 1.727744576888454731e+00 3.310000000000000142e+01
1.761359229373482549e-02 1.694173688105212072e+00 3.320000000000000284e+01
1.118101709274789829e-01 1.660602799321969414e+00 3.330000000000000426e+01
2.060067495612231403e-01 1.627031910538726756e+00 3.339999999999999858e+01
3.002033281949673116e-01 1.593461021755484097e+00 3.350000000000000000e+01
2.897189853400874426e-01 1.584507170105687202e+00 3.360000000000000142e+01
2.799870595648230598e-01 1.574741402260443346e+00 3.370000000000000284e+01
4.142386190662346590e-01 1.920963517957471778e+00 3.380000000000000426e+01
4.094717852287025894e-01 1.930764938306458900e+00 3.389999999999999858e+01
4.057226316279849421e-01 1.940552166871152950e+00 3.400000000000000000e+01
4.028945281372863785e-01 1.950381502117271459e+00 3.410000000000000142e+01
4.009066543485242384e-01 1.960304134930070497e+00 3.420000000000000284e+01
3.996914963151488864e-01 1.970367138376814431e+00 3.430000000000000426e+01
3.991928635141449022e-01 1.980614259467361471e+00 3.439999999999999858e+01
3.993643043626758926e-01 1.991086559167548620e+00 3.450000000000000000e+01
4.001678313110046403e-01 2.001822934385368846e+00 3.460000000000000142e+01
4.015728895214525918e-01 2.012860546816151786e+00 3.470000000000000284e+01
4.035555195662167138e-01 2.024235177200809144e+00 3.480000000000000426e+01
4.060976764777139980e-01 2.035981518938471790e+00 3.489999999999999858e+01
4.091866762206339270e-01 2.048133421581659785e+00 3.500000000000000000e+01
4.128147471414984615e-01 2.060724092177018907e+00 3.510000000000000142e+01
4.169786688176967404e-01 2.073786260456226938e+00 3.520000000000000284e+01
4.216794844105550277e-01 2.087352312361725026e+00 3.530000000000000426e+01
4.269222754334477399e-01 2.101454395191717506e+00 3.539999999999999858e+01
4.327159899948802568e-01 2.116124496683681855e+00 3.550000000000000000e+01
4.390733172247293092e-01 2.131394499564335465e+00 3.560000000000000142e+01
4.460106018526944771e-01 2.147296212432401319e+00 3.570000000000000284e+01
4.535477938636508499e-01 2.163861377276495634e+00 3.580000000000000426e+01
4.617084288646152723e-01 2.181121653440984520e+00 3.589999999999999858e+01
4.705196353055870473e-01 2.199108577421510891e+00 3.600000000000000000e+01
4.800121650325164802e-01 2.217853497488401437e+00 3.610000000000000142e+01
4.902204438369275885e-01 2.237387481794121946e+00 3.620000000000000284e+01
5.011826387183275777e-01 2.257741198318200304e+00 3.630000000000000426e+01
5.129407385025263055e-01 2.278944764741084761e+00 3.639999999999999858e+01
5.255406442678597356e-01 2.301027566122376911e+00 3.650000000000000000e+01
5.390322657262708317e-01 2.324018038097521721e+00 3.660000000000000142e+01
5.534696192903153511e-01 2.347943413212867370e+00 3.670000000000000284e+01
5.689109230335780421e-01 2.372829428008443653e+00 3.680000000000000426e+01
6.631075016673222411e-01 2.339258539225200995e+00 3.689999999999999858e+01
6.727459965833708644e-01 2.372561611531417203e+00 3.700000000000000000e+01
6.846716753943976608e-01 2.406321620320883703e+00 3.710000000000000142e+01
6.988241394798613282e-01 2.440622381416383213e+00 3.720000000000000284e+01
7.151687488248461566e-01 2.475533384171811679e+00 3.730000000000000426e+01
7.336925692574828295e-01 2.511111140979639611e+00 3.739999999999999858e+01
7.544011354851889450e-01 2.547400060437610581e+00 3.750000000000000000e+01
7.773157906570402620e-01 2.584432961440672027e+00 3.760000000000000142e+01
8.024714290647717574e-01 2.622231314770812283e+00 3.770000000000000284e+01
8.299145134679998259e-01 2.660805279032663506e+00 3.780000000000000426e+01
9.241110921017440250e-01 2.627234390249420848e+00 3.789999999999999858e+01
9.499649712631403897e-01 2.675079872068435893e+00 3.800000000000000000e+01
9.793661489512401896e-01 2.722915093042480361e+00 3.810000000000000142e+01
1.012241771619362352e+00 2.770792841391535255e+00 3.820000000000000284e+01
1.048547674688831810e+00 2.818736662017053973e+00 3.830000000000000426e+01
1.088260999739356638e+00 2.866744139057193497e+00 3.840000000000000568e+01
1.182457578373100837e+00 2.833173250273950838e+00 3.850000000000000000e+01
1.224261848154200027e+00 2.889584495090409710e+00 3.860000000000000142e+01
1.270475852635381209e+00 2.945005111905933060e+00 3.870000000000000284e+01
1.320952574671752977e+00 2.999466070277253760e+00 3.880000000000000426e+01
1.415149153305497176e+00 2.965895181494011101e+00 3.890000000000000568e+01
1.470413923939977607e+00 3.027060147700320503e+00 3.900000000000000000e+01
1.530539578248189425e+00 3.086080482683026371e+00 3.910000000000000142e+01
1.624736156881933624e+00 3.052509593899783713e+00 3.920000000000000284e+01
1.691546603125235748e+00 3.116175472449331352e+00 3.930000000000000426e+01
1.785743181758979947e+00 3.082604583666088693e+00 3.940000000000000568e+01
1.860578810228068036e+00 3.149009771211751296e+00 3.950000000000000000e+01
1.954775388861812235e+00 3.115438882428508638e+00 3.960000000000000142e+01
2.038507028300732493e+00 3.182369693693603008e+00 3.970000000000000284e+01
2.132703606934476692e+00 3.148798804910360349e+00 3.980000000000000426e+01
2.225608866760043991e+00 3.213951462035863571e+00 3.990000000000000568e+01
2.319805445393788190e+00 3.180380573252620913e+00 4.000000000000000000e+01
2.414002024027532389e+00 3.146809684469378254e+00 4.010000000000000142e+01
2.508198602661276588e+00 3.113238795686135596e+00 4.020000000000000284e+01
2.568824347669846908e+00 3.433394830288488464e+00 4.030000000000000426e+01
2.542904828347377855e+00 3.385863047144394677e+00 4.040000000000000568e+01
2.521473529022031368e+00 3.336015727316220758e+00 4.050000000000000000e+01
2.504015001863698409e+00 3.283879328553970911e+00 4.060000000000000142e+01
2.490158457477442244e+00 3.229471292083763156e+00 4.070000000000000284e+01
2.479639303187443744e+00 3.172805242596423714e+00 4.080000000000000426e+01
2.472273095598521930e+00 3.113894924975726397e+00 4.090000000000000568e+01
2.529769915787982271e+00 3.438831179270083194e+00 4.100000000000000000e+01
2.508718160306813605e+00 3.392494267791642759e+00 4.110000000000000142e+01
2.491244286998876678e+00 3.343895323806765685e+00 4.120000000000000284e+01
2.477017833661374180e+00 3.293046231835464965e+00 4.130000000000000426e+01
2.465801702872380652e+00 3.239953183495641209e+00 4.140000000000000568e+01
2.457430419302912838e+00 3.184620553925711750e+00 4.150000000000000000e+01
2.451794647990155784e+00 3.127054015993748326e+00 4.160000000000000142e+01
2.505768047852027891e+00 3.450178799600725377e+00 4.170000000000000284e+01
2.487415130461267498e+00 3.404992263185532941e+00 4.180000000000000426e+01
2.472125596445946094e+00 3.357586946998704303e+00 4.190000000000000568e+01
2.459658234672977173e+00 3.307965269165404898e+00 4.200000000000000000e+01
2.449842234364324245e+00 3.256125496836498989e+00 4.210000000000000142e+01
2.442562325683960367e+00 3.202064954100803718e+00 4.220000000000000284e+01
2.437747872181681874e+00 3.145782698834716395e+00 4.230000000000000426e+01
2.435364586963278732e+00 3.087281835536266339e+00 4.240000000000000568e+01
2.544170703456844596e+00 3.155696952831917645e+00 4.250000000000000000e+01
2.530887421465826570e+00 3.093341743881906858e+00 4.260000000000000142e+01
2.596339153110274189e+00 3.416695578325008587e+00 4.270000000000000284e+01
2.567139957202978273e+00 3.367388307158318828e+00 4.280000000000000426e+01
2.543181367645739765e+00 3.315740647731908020e+00 4.290000000000000568e+01
2.523790156410057772e+00 3.261787363439809795e+00 4.300000000000000000e+01
2.508485999747443795e+00 3.205553004932105043e+00 4.310000000000000142e+01
2.496925885236870535e+00 3.147057924274779150e+00 4.320000000000000284e+01
2.488867716620997150e+00 3.086322674881029293e+00 4.330000000000000426e+01
2.551724874380453034e+00 3.418470186561781698e+00 4.340000000000000568e+01
2.528368572446912044e+00 3.370394017197323677e+00 4.350000000000000000e+01
2.509121968822770832e+00 3.320021628273847725e+00 4.360000000000000142e+01
2.493562129047943721e+00 3.267373049083281522e+00 4.370000000000000284e+01
2.481385232720797696e+00 3.212461846176407843e+00 4.380000000000000426e+01
2.472376560361329911e+00 3.155299576181391341e+00 4.390000000000000568e+01
2.466389674782357488e+00 3.095899256637348884e+00 4.400000000000000000e+01
2.525753365528200511e+00 3.427833524170606161e+00 4.410000000000000142e+01
2.505428865090009616e+00 3.380917322563194993e+00 4.420000000000000284e+01
2.488622030905350613e+00 3.331740725784252621e+00 4.430000000000000426e+01
2.475021717937405885e+00 3.280314351737307899e+00 4.440000000000000568e+01
2.464405615228039359e+00 3.226644033654040289e+00 4.450000000000000000e+01
2.456619838891345164e+00 3.170734522751102347e+00 4.460000000000000142e+01
2.451564302327144951e+00 3.112592487802413821e+00 4.470000000000000284e+01
2.507321514147914598e+00 3.440660212201777313e+00 4.480000000000000426e+01
2.488964521331066049e+00 3.394884370694664533e+00 4.490000000000000568e+01
2.473723506103782555e+00 3.346881633559983360e+00 4.500000000000000000e+01
2.461353870323376825e+00 3.296655372740113776e+00 4.510000000000000142e+01
2.451682637120364827e+00 3.244205092676827107e+00 4.520000000000000284e+01
2.444593203248742519e+00 3.189529657618868530e+00 4.530000000000000426e+01
2.440014154298632665e+00 3.132629981098659311e+00 4.540000000000000568e+01
2.492246723005854481e+00 3.455309179814290310e+00 4.550000000000000000e+01
2.475402868733294959e+00 3.410666927586313513e+00 4.560000000000000142e+01
2.461354627098292891e+00 3.363832174429787436e+00 4.570000000000000284e+01
2.449905009429413916e+00 3.314801970502070372e+00 4.580000000000000426e+01
2.440916706440691364e+00 3.263570106370504043e+00 4.590000000000000568e+01
2.434300261039456181e+00 3.210129975401190716e+00 4.600000000000000000e+01
2.430005230830630136e+00 3.154477016985764326e+00 4.610000000000000142e+01
2.428013359567229301e+00 3.096610869018631806e+00 4.620000000000000284e+01
2.536253101276795707e+00 3.164235368042141339e+00 4.630000000000000426e+01
2.523438320397358936e+00 3.102631997251645402e+00 4.640000000000000568e+01
2.586854329391407248e+00 3.424034058539898506e+00 4.650000000000000000e+01
2.558755745279354343e+00 3.375457626422845525e+00 4.660000000000000142e+01
2.535627361343233854e+00 3.324547061476236909e+00 4.670000000000000284e+01
2.516852849070217779e+00 3.271334646573531124e+00 4.680000000000000426e+01
2.501990949432457256e+00 3.215842659343650212e+00 4.690000000000000568e+01
2.490726349868948031e+00 3.158089145568157008e+00 4.700000000000000000e+01
2.482837151596021030e+00 3.098092188654890222e+00 4.710000000000000142e+01
2.543451260946832715e+00 3.426994503085862398e+00 4.720000000000000284e+01
2.520945848991145155e+00 3.379637478450356003e+00 4.730000000000000426e+01
2.502343646705369906e+00 3.329995855508753433e+00 4.740000000000000568e+01
2.487257840139850629e+00 3.278086719410961081e+00 4.750000000000000000e+01
2.475410470918741890e+00 3.223920898821546199e+00 4.760000000000000142e+01
2.466605779501703122e+00 3.167507212411411199e+00 4.770000000000000284e+01
2.460711533827276920e+00 3.108855814970921561e+00 4.780000000000000426e+01
2.517812732236914375e+00 3.437036422905774824e+00 4.790000000000000568e+01
2.498263995295717521e+00 3.390836920734925819e+00 4.800000000000000000e+01
2.482048466925157904e+00 3.342392441806474324e+00 4.810000000000000142e+01
2.468883797503740318e+00 3.291710411051636420e+00 4.820000000000000284e+01
2.458568758416999955e+00 3.238793683369148191e+00 4.830000000000000426e+01
2.450965196765045206e+00 3.183644052577194739e+00 4.840000000000000568e+01
2.445984977676191718e+00 3.126265126662427729e+00 4.850000000000000000e+01
2.499526545460551752e+00 3.450366305541404444e+00 4.860000000000000142e+01
2.481913333862455495e+00 3.405306164822047066e+00 4.870000000000000284e+01
2.467243459592368016e+00 3.358037727153186491e+00 4.880000000000000426e+01
2.455297112932566250e+00 3.308561026190208310e+00 4.890000000000000568e+01
2.445919734773365217e+00 3.256872450088469151e+00 4.900000000000000000e+01
2.439008621508193642e+00 3.202967782583706402e+00 4.910000000000000142e+01
2.434503008542885372e+00 3.146844767768242068e+00 4.920000000000000284e+01
2.432376476379252583e+00 3.088505345972873517e+00 4.930000000000000426e+01
2.541007222627770457e+00 3.156861204392393372e+00 4.940000000000000568e+01
2.528009223287372098e+00 3.094701113866743736e+00 4.950000000000000000e+01
2.593016825708259088e+00 3.418050250153249703e+00 4.960000000000000142e+01
2.564235458821376046e+00 3.368920226253885097e+00 4.970000000000000284e+01
2.540601325652358522e+00 3.317452080260268943e+00 4.980000000000000426e+01
2.521462019074721450e+00 3.263679652968652256e+00 4.990000000000000568e+01
2.506351528157306330e+00 3.207626739552448925e+00 5.000000000000000000e+01
2.494937014608595849e+00 3.149313002306683984e+00 5.010000000000000142e+01
2.486983822841556169e+00 3.088758314060854548e+00 5.020000000000000284e+01
2.549311090326082940e+00 3.420322738626539572e+00 5.030000000000000426e+01
2.526217849254962733e+00 3.372418535839222464e+00 5.040000000000000568e+01
2.507174864926271507e+00 3.322221208903534784e+00 5.050000000000000000e+01
2.491770132921388825e+00 3.269749946448559985e+00 5.060000000000000142e+01
2.479707667722665043e+00 3.215017567457077785e+00 5.070000000000000284e+01
2.470778506260090879e+00 3.158034910094115411e+00 5.080000000000000426e+01
2.464840535706156022e+00 3.098814263799375190e+00 5.090000000000000568e+01
2.523661957213653828e+00 3.429935222925919014e+00 5.100000000000000000e+01
2.503548403221530716e+00 3.383189821486030091e+00 5.110000000000000142e+01
2.486904240156652346e+00 3.334187784198130444e+00 5.120000000000000284e+01
2.473426132027769064e+00 3.282938908084685359e+00 5.130000000000000426e+01
2.462897485517462126e+00 3.229448274545477116e+00 5.140000000000000568e+01
2.455168687059231747e+00 3.173719900062017096e+00 5.150000000000000000e+01
2.450142899422364184e+00 3.115759702611866189e+00 5.160000000000000142e+01
2.505367186741079166e+00 3.442918459239455942e+00 5.170000000000000284e+01
2.487199737395252352e+00 3.397313049787772599e+00 5.180000000000000426e+01
2.472105028010173289e+00 3.349485146619689324e+00 5.190000000000000568e+01
2.459844833199068770e+00 3.299437298875064428e+00 5.200000000000000000e+01
2.450250907423693558e+00 3.247168249044092736e+00 5.210000000000000142e+01
2.443210218199664663e+00 3.192676113281711192e+00 5.220000000000000284e+01
2.438654088845320089e+00 3.135961039642368497e+00 5.230000000000000426e+01
2.490371417373586027e+00 3.457688605181557406e+00 5.240000000000000568e+01
2.473705710716926909e+00 3.413216517751428647e+00 5.250000000000000000e+01
2.459795474401995641e+00 3.366556945799933143e+00 5.260000000000000142e+01
2.448449195223914909e+00 3.317706114844007459e+00 5.270000000000000284e+01
2.439533672785989982e+00 3.266657047561214888e+00 5.280000000000000426e+01
2.432962575070926725e+00 3.213402382240233557e+00 5.290000000000000568e+01
2.428687867855094495e+00 3.157936785764089649e+00 5.300000000000000000e+01
2.426693178416404528e+00 3.100259085312553342e+00 5.310000000000000142e+01
2.534790847424502669e+00 3.167542668935116712e+00 5.320000000000000284e+01
2.521989037584634996e+00 3.106159359727433067e+00 5.330000000000000426e+01
2.584753972637100272e+00 3.426610839175015411e+00 5.340000000000000568e+01
2.556874723380358372e+00 3.378256536924243214e+00 5.350000000000000000e+01
2.533905000445766387e+00 3.327569662102850767e+00 5.360000000000000142e+01
2.515240270360216801e+00 3.274581962350374020e+00 5.370000000000000284e+01
2.500447371378206718e+00 3.219315162392068164e+00 5.380000000000000426e+01
2.489216719534198763e+00 3.161786694275029230e+00 5.390000000000000568e+01
2.481330578578507140e+00 3.102013944220985309e+00 5.400000000000000000e+01
2.541259213470199008e+00 3.429773841692981939e+00 5.410000000000000142e+01
2.518967739189426069e+00 3.382636982564453554e+00 5.420000000000000284e+01
2.500524473723913399e+00 3.333219065313222540e+00 5.430000000000000426e+01
2.485551716877287820e+00 3.281536362136849405e+00 5.440000000000000568e+01
2.473778042554582335e+00 3.227598922545893867e+00 5.450000000000000000e+01
2.465012477721173489e+00 3.171414766897659998e+00 5.460000000000000142e+01
2.459126370825677643e+00 3.112993200206322975e+00 5.470000000000000284e+01
2.515543256198307098e+00 3.439958351180862461e+00 5.480000000000000426e+01
2.496210808369168532e+00 3.393978512000519032e+00 5.490000000000000568e+01
2.480158951601210138e+00 3.345758574463184143e+00 5.500000000000000000e+01
2.467113232789637234e+00 3.295305021376850885e+00 5.510000000000000142e+01
2.456878217159884414e+00 3.242619819484710675e+00 5.520000000000000284e+01
2.449320078596969097e+00 3.187703873319338133e+00 5.530000000000000426e+01
2.444353968753704365e+00 3.130559864633697842e+00 5.540000000000000568e+01
2.497227882243695074e+00 3.453414992356599988e+00 5.550000000000000000e+01
2.479831257207016471e+00 3.408574186193948474e+00 5.560000000000000142e+01
2.465327349136882340e+00 3.361531012400288176e+00 5.570000000000000284e+01
2.453503380897406050e+00 3.312284498934884081e+00 5.580000000000000426e+01
2.444210032513601139e+00 3.260830090607845122e+00 5.590000000000000568e+01
2.437348560000477171e+00 3.207162635439178455e+00 5.600000000000000000e+01
2.432861233657875211e+00 3.151278912319518621e+00 5.610000000000000142e+01
2.430723997468199560e+00 3.093179841833948451e+00 5.620000000000000284e+01
2.539171000080783891e+00 3.161094578377397379e+00 5.630000000000000426e+01
2.526182502818913989e+00 3.099215472619178069e+00 5.640000000000000568e+01
2.590341361763969896e+00 3.421334918754712628e+00 5.650000000000000000e+01
2.561838920252717866e+00 3.372491786705070549e+00 5.660000000000000142e+01
2.538405144272655622e+00 3.321311920006869922e+00 5.670000000000000284e+01
2.519403169014721833e+00 3.267828556757311986e+00 5.680000000000000426e+01
2.504377592319270374e+00 3.212064840661573051e+00 5.690000000000000568e+01
2.379583160223966321e+00 3.285745504541067508e+00 5.700000000000000000e+01
2.360359850440328700e+00 3.383880433903462936e+00 5.710000000000000142e+01
2.341136540656691079e+00 3.482015363265858365e+00 5.720000000000000284e+01
2.321913230873053458e+00 3.580150292628253794e+00 5.730000000000000426e+01
2.302689921089415837e+00 3.678285221990649223e+00 5.740000000000000568e+01
2.283466611305778216e+00 3.776420151353044652e+00 5.750000000000000000e+01
2.264243301522140595e+00 3.874555080715440081e+00 5.760000000000000142e+01
2.245019991738502974e+00 3.972690010077835510e+00 5.770000000000000284e+01
2.225796681954865353e+00 4.070824939440230494e+00 5.780000000000000426e+01
2.206573372171227732e+00 4.168959868802625479e+00 5.790000000000000568e+01
2.187350062387590111e+00 4.267094798165020464e+00 5.800000000000000000e+01
2.168126752603952490e+00 4.365229727527415449e+00 5.810000000000000142e+01
2.231202137275191788e+00 4.407240366382485952e+00 5.820000000000000284e+01
2.211978827491554167e+00 4.505375295744880937e+00 5.830000000000000426e+01
2.282256592990148381e+00 4.551518741317350347e+00 5.840000000000000568e+01
2.350881943492268533e+00 4.602980255530433773e+00 5.850000000000000000e+01
2.331658633708630912e+00 4.701115184892828758e+00 5.860000000000000142e+01
2.405604677329515440e+00 4.758839339864564089e+00 5.870000000000000284e+01
2.386381367545877819e+00 4.856974269226959073e+00 5.880000000000000426e+01
2.463874535202366101e+00 4.922512763842441075e+00 5.890000000000000568e+01
2.444651225418728480e+00 5.020647693204836060e+00 5.900000000000000000e+01
2.523575295406852881e+00 5.095096926423902772e+00 5.910000000000000142e+01
2.504351985623215260e+00 5.193231855786297757e+00 5.920000000000000284e+01
2.582455569908653548e+00 5.277093336914101762e+00 5.930000000000000426e+01
2.563232260125015927e+00 5.375228266276496747e+00 5.940000000000000568e+01
2.544008950341378306e+00 5.473363195638891732e+00 5.950000000000000000e+01
2.524785640557740685e+00 5.571498125001286716e+00 5.960000000000000142e+01
2.603708299093034917e+00 5.673990802203195294e+00 5.970000000000000284e+01
2.584484989309397296e+00 5.772125731565590279e+00 5.980000000000000426e+01
2.565261679525759675e+00 5.870260660927985263e+00 5.990000000000000568e+01
2.546038369742122054e+00 5.968395590290380248e+00 6.000000000000000000e+01
2.526815059958484433e+00 6.066530519652775233e+00 6.010000000000000142e+01
2.507591750174846812e+00 6.164665449015170218e+00 6.020000000000000284e+01
2.488368440391209191e+00 6.262800378377565202e+00 6.030000000000000426e+01
2.469145130607571570e+00 6.360935307739960187e+00 6.040000000000000568e+01
2.449921820823933949e+00 6.459070237102355172e+00 6.050000000000000000e+01
2.430698511040296328e+00 6.557205166464750157e+00 6.060000000000000142e+01
2.411475201256658707e+00 6.655340095827145142e+00 6.070000000000000284e+01
2.392251891473021086e+00 6.753475025189540126e+00 6.080000000000000426e+01
2.373028581689383465e+00 6.851609954551935111e+00 6.090000000000000568e+01
2.353805271905745844e+00 6.949744883914330096e+00 6.100000000000000000e+01
2.334581962122108223e+00 7.047879813276725081e+00 6.110000000000000142e+01
2.315358652338470602e+00 7.146014742639120065e+00 6.120000000000000284e+01
2.296135342554832981e+00 7.244149672001515050e+00 6.130000000000000426e+01
2.276912032771195360e+00 7.342284601363910035e+00 6.140000000000000568e+01
2.257688722987557739e+00 7.440419530726305020e+00 6.150000000000000000e+01
2.238465413203920118e+00 7.538554460088700004e+00 6.160000000000000142e+01
2.219242103420282497e+00 7.636689389451094989e+00 6.170000000000000284e+01
2.200018793636644876e+00 7.734824318813489974e+00 6.180000000000000426e+01
2.180795483853007255e+00 7.832959248175884959e+00 6.190000000000000568e+01
2.161572174069369634e+00 7.931094177538279943e+00 6.200000000000000000e+01
2.142348864285732013e+00 8.029229106900675816e+00 6.210000000000000142e+01
2.123125554502094392e+00 8.127364036263070801e+00 6.220000000000000284e+01
2.147704218564007395e+00 8.224296431637020177e+00 6.230000000000000426e+01
2.172282882625920397e+00 8.321228827010969553e+00 6.240000000000000568e+01
2.196861546687833400e+00 8.418161222384918929e+00 6.250000000000000000e+01
2.221440210749746402e+00 8.515093617758868305e+00 6.260000000000000142e+01
2.246018874811659405e+00 8.612026013132817681e+00 6.270000000000000284e+01
2.270597538873572407e+00 8.708958408506767057e+00 6.280000000000000426e+01
2.295176202935485410e+00 8.805890803880716433e+00 6.290000000000000568e+01
2.319754866997398413e+00 8.902823199254665809e+00 6.300000000000000000e+01
2.344333531059311415e+00 8.999755594628615185e+00 6.310000000000000142e+01
2.368912195121224418e+00 9.096687990002564561e+00 6.320000000000000284e+01
2.393490859183137420e+00 9.193620385376513937e+00 6.330000000000000426e+01
2.418069523245050423e+00 9.290552780750463313e+00 6.340000000000000568e+01
2.442648187306963425e+00 9.387485176124412689e+00 6.350000000000000000e+01
2.467226851368876428e+00 9.484417571498362065e+00 6.360000000000000142e+01
2.491805515430789431e+00 9.581349966872311441e+00 6.370000000000000284e+01
2.516384179492702433e+00 9.678282362246260817e+00 6.380000000000000426e+01
2.540962843554615436e+00 9.775214757620210193e+00 6.390000000000000568e+01
2.565541507616528438e+00 9.872147152994159569e+00 6.400000000000000000e+01
2.590120171678441441e+00 9.969079548368108945e+00 6.410000000000000853e+01
2.614698835740354443e+00 1.006601194374205832e+01 6.420000000000000284e+01
2.639277499802267446e+00 1.016294433911600770e+01 6.429999999999999716e+01
2.663856163864180449e+00 1.025987673448995707e+01 6.440000000000000568e+01
2.688434827926093451e+00 1.035680912986390645e+01 6.450000000000000000e+01
2.713013491988006454e+00 1.045374152523785583e+01 6.460000000000000853e+01
2.737592156049919456e+00 1.055067392061180520e+01 6.470000000000000284e+01
2.762170820111832459e+00 1.064760631598575458e+01 6.479999999999999716e+01
2.786749484173745461e+00 1.074453871135970395e+01 6.490000000000000568e+01
2.811328148235658464e+00 1.084147110673365333e+01 6.500000000000000000e+01
2.835906812297571467e+00 1.093840350210760270e+01 6.510000000000000853e+01
2.860485476359484469e+00 1.103533589748155208e+01 6.520000000000000284e+01
2.885064140421397472e+00 1.113226829285550146e+01 6.529999999999999716e+01
2.909642804483310474e+00 1.122920068822945083e+01 6.540000000000000568e+01
2.934221468545223477e+00 1.132613308360340021e+01 6.550000000000000000e+01
2.958800132607136479e+00 1.142306547897734958e+01 6.560000000000000853e+01
2.983378796669049482e+00 1.151999787435129896e+01 6.570000000000000284e+01
3.007957460730962485e+00 1.161693026972524834e+01 6.579999999999999716e+01
3.032536124792875487e+00 1.171386266509919771e+01 6.590000000000000568e+01
3.057114788854788490e+00 1.181079506047314709e+01 6.600000000000000000e+01
3.081693452916701492e+00 1.190772745584709646e+01 6.610000000000000853e+01
3.106272116978614495e+00 1.200465985122104584e+01 6.620000000000000284e+01
3.130850781040527497e+00 1.210159224659499522e+01 6.629999999999999716e+01
3.155429445102440500e+00 1.219852464196894459e+01 6.640000000000000568e+01
3.180008109164353503e+00 1.229545703734289397e+01 6.650000000000000000e+01
3.204586773226266505e+00 1.239238943271684334e+01 6.660000000000000853e+01
3.229165437288179508e+00 1.248932182809079272e+01 6.670000000000000284e+01
3.253744101350092510e+00 1.258625422346474210e+01 6.679999999999999716e+01
3.278322765412005513e+00 1.268318661883869147e+01 6.690000000000000568e+01
3.302901429473918515e+00 1.278011901421264085e+01 6.700000000000000000e+01
3.327480093535831518e+00 1.287705140958659022e+01 6.710000000000000853e+01
3.352058757597744520e+00 1.297398380496053960e+01 6.720000000000000284e+01
3.376637421659657523e+00 1.307091620033448898e+01 6.729999999999999716e+01
3.471219421481793521e+00 1.303844705637217594e+01 6.740000000000000568e+01
3.565801421303929519e+00 1.300597791240986290e+01 6.750000000000000000e+01
3.660383421126065517e+00 1.297350876844754985e+01 6.760000000000000853e+01
3.754965420948201515e+00 1.294103962448523681e+01 6.770000000000000284e+01
3.849547420770337514e+00 1.290857048052292377e+01 6.779999999999999716e+01
3.944129420592473512e+00 1.287610133656061073e+01 6.790000000000000568e+01
4.038711420414609954e+00 1.284363219259829769e+01 6.800000000000000000e+01
4.133293420236745952e+00 1.281116304863598465e+01 6.810000000000000853e+01
4.227875420058881950e+00 1.277869390467367161e+01 6.820000000000000284e+01
4.322457419881017948e+00 1.274622476071135857e+01 6.829999999999999716e+01
4.417039419703153946e+00 1.271375561674904553e+01 6.840000000000000568e+01
4.511621419525289944e+00 1.268128647278673249e+01 6.850000000000000000e+01
4.606203419347425942e+00 1.264881732882441945e+01 6.860000000000000853e+01
4.700785419169561941e+00 1.261634818486210641e+01 6.870000000000000284e+01
4.795367418991697939e+00 1.258387904089979337e+01 6.879999999999999716e+01
4.889949418813833937e+00 1.255140989693748033e+01 6.890000000000000568e+01
4.984531418635969935e+00 1.251894075297516729e+01 6.900000000000000000e+01
5.079113418458105933e+00 1.248647160901285424e+01 6.910000000000000853e+01
5.173695418280241931e+00 1.245400246505054120e+01 6.920000000000000284e+01
5.268277418102377929e+00 1.242153332108822816e+01 6.929999999999999716e+01
5.362859417924513927e+00 1.238906417712591512e+01 6.940000000000000568e+01
5.457441417746649925e+00 1.235659503316360208e+01 6.950000000000000000e+01
5.552023417568785923e+00 1.232412588920128904e+01 6.960000000000000853e+01
5.646605417390921922e+00 1.229165674523897600e+01 6.970000000000000284e+01
5.741187417213057920e+00 1.225918760127666296e+01 6.979999999999999716e+01
5.835769417035193918e+00 1.222671845731434992e+01 6.990000000000000568e+01
5.930351416857329916e+00 1.219424931335203688e+01 7.000000000000000000e+01
6.024933416679465914e+00 1.216178016938972384e+01 7.010000000000000853e+01
6.119515416501601912e+00 1.212931102542741080e+01 7.020000000000000284e+01
6.214097416323737910e+00 1.209684188146509776e+01 7.029999999999999716e+01
6.308679416145873908e+00 1.206437273750278472e+01 7.040000000000000568e+01
6.403261415968009906e+00 1.203190359354047168e+01 7.050000000000000000e+01
6.497843415790145905e+00 1.199943444957815863e+01 7.060000000000000853e+01
6.592425415612281903e+00 1.196696530561584559e+01 7.070000000000000284e+01
6.687007415434417901e+00 1.193449616165353255e+01 7.079999999999999716e+01
6.781589415256553899e+00 1.190202701769121951e+01 7.090000000000000568e+01
6.876171415078689897e+00 1.186955787372890647e+01 7.100000000000000000e+01
6.970753414900825895e+00 1.183708872976659343e+01 7.110000000000000853e+01
7.065335414722961893e+00 1.180461958580428039e+01 7.120000000000000284e+01
7.159917414545097891e+00 1.177215044184196735e+01 7.129999999999999716e+01
7.254499414367233889e+00 1.173968129787965431e+01 7.140000000000000568e+01
7.349081414189369887e+00 1.170721215391734127e+01 7.150000000000000000e+01
7.443663414011505886e+00 1.167474300995502823e+01 7.160000000000000853e+01
7.538245413833641884e+00 1.164227386599271519e+01 7.170000000000000284e+01
7.632827413655777882e+00 1.160980472203040215e+01 7.179999999999999716e+01
7.727409413477913880e+00 1.157733557806808911e+01 7.190000000000000568e+01
7.821991413300049878e+00 1.154486643410577607e+01 7.200000000000000000e+01
7.916573413122185876e+00 1.151239729014346302e+01 7.210000000000000853e+01
8.011155412944322762e+00 1.147992814618114998e+01 7.220000000000000284e+01
8.105737412766458760e+00 1.144745900221883694e+01 7.229999999999999716e+01
8.200319412588594759e+00 1.141498985825652390e+01 7.240000000000000568e+01
8.294901412410730757e+00 1.138252071429421086e+01 7.250000000000000000e+01
8.389483412232866755e+00 1.135005157033189782e+01 7.260000000000000853e+01
8.484065412055002753e+00 1.131758242636958478e+01 7.270000000000000284e+01
8.578647411877138751e+00 1.128511328240727174e+01 7.279999999999999716e+01
8.673229411699274749e+00 1.125264413844495870e+01 7.290000000000000568e+01
8.767811411521410747e+00 1.122017499448264566e+01 7.300000000000000000e+01
8.862393411343546745e+00 1.118770585052033262e+01 7.310000000000000853e+01
8.956975411165682743e+00 1.115523670655801958e+01 7.320000000000000284e+01
9.051557410987818741e+00 1.112276756259570654e+01 7.329999999999999716e+01
9.146139410809954740e+00 1.109029841863339350e+01 7.340000000000000568e+01
9.240721410632090738e+00 1.105782927467108046e+01 7.350000000000000000e+01
9.335303410454226736e+00 1.102536013070876741e+01 7.360000000000000853e+01
9.429885410276362734e+00 1.099289098674645437e+01 7.370000000000000284e+01
9.524467410098498732e+00 1.096042184278414133e+01 7.379999999999999716e+01
9.619049409920634730e+00 1.092795269882182829e+01 7.390000000000000568e+01
9.713631409742770728e+00 1.089548355485951525e+01 7.400000000000000000e+01
9.808213409564906726e+00 1.086301441089720221e+01 7.410000000000000853e+01
9.902795409387042724e+00 1.083054526693488917e+01 7.420000000000000284e+01
9.997377409209178722e+00 1.079807612297257613e+01 7.429999999999999716e+01
1.009195940903131472e+01 1.076560697901026309e+01 7.440000000000000568e+01
1.018654140885345072e+01 1.073313783504795005e+01 7.450000000000000000e+01
1.018330213910103232e+01 1.074103290214350359e+01 7.460000000000000853e+01
1.018079791478351304e+01 1.074898190164014622e+01 7.470000000000000284e+01
1.017896515602388696e+01 1.075702442857363827e+01 7.479999999999999716e+01
1.017775017610343902e+01 1.076519729433138828e+01 7.490000000000000568e+01
1.017710779866105497e+01 1.077353505983736959e+01 7.500000000000000000e+01
1.017700023442584722e+01 1.078207047573503807e+01 7.510000000000000853e+01
1.017739616359863852e+01 1.079083484896731449e+01 7.520000000000000284e+01
1.017826998305493014e+01 1.079985835039681596e+01 7.529999999999999716e+01
1.017960118710123041e+01 1.080917027461642554e+01 7.540000000000000568e+01
1.018137385760264024e+01 1.081879926049785468e+01 7.550000000000000000e+01
1.018357624461251731e+01 1.082877347905979626e+01 7.560000000000000853e+01
1.018620042266065973e+01 1.083912079373065218e+01 7.570000000000000284e+01
1.018924201093577508e+01 1.084986889690930667e+01 7.579999999999999716e+01
1.019269994797384449e+01 1.086104542580203791e+01 7.590000000000000568e+01
1.019657631331056002e+01 1.087267805977031543e+01 7.600000000000000000e+01
1.020087619000000778e+01 1.088479460081586048e+01 7.610000000000000853e+01
1.020560756303558314e+01 1.089742303832133885e+01 7.620000000000000284e+01
1.021078124960077815e+01 1.091059159873154627e+01 7.629999999999999716e+01
1.021641085777723745e+01 1.092432878048145461e+01 7.640000000000000568e+01
1.022251277088230204e+01 1.093866337413941103e+01 7.650000000000000000e+01
1.022910615502529730e+01 1.095362446742517193e+01 7.660000000000000853e+01
1.023621298778085276e+01 1.096924143447507127e+01 7.670000000000000284e+01
1.024385810609245517e+01 1.098554390845478501e+01 7.680000000000001137e+01
1.025206927164963133e+01 1.100256173636000767e+01 7.690000000000000568e+01
1.026087725203366396e+01 1.102032491459497798e+01 7.700000000000000000e+01
1.027031591590245085e+01 1.103886350367802649e+01 7.710000000000000853e+01
1.028042234038596980e+01 1.105820752019381281e+01 7.720000000000000284e+01
1.029123692868870066e+01 1.107838680389733810e+01 7.730000000000001137e+01
1.030280353564215368e+01 1.109943085768096971e+01 7.740000000000000568e+01
1.031516959861610161e+01 1.112136865795081064e+01 7.750000000000000000e+01
1.032838627077801519e+01 1.114422843283382747e+01 7.760000000000000853e+01
1.034250855318333429e+01 1.116803740556623659e+01 7.770000000000000284e+01
1.043709055300547028e+01 1.113556826160392355e+01 7.780000000000001137e+01
1.044497510754269776e+01 1.116756148230315837e+01 7.790000000000000568e+01
1.045504929977805375e+01 1.120003031113824932e+01 7.800000000000000000e+01
1.046724713710844235e+01 1.123306016529828710e+01 7.810000000000000853e+01
1.048152844122710547e+01 1.126672331816714312e+01 7.820000000000000284e+01
1.049787487209809100e+01 1.130108021137238161e+01 7.830000000000001137e+01
1.051628677857465100e+01 1.133618030800236554e+01 7.840000000000000568e+01
1.053678063828978040e+01 1.137206259625284055e+01 7.850000000000000000e+01
1.055938691464162993e+01 1.140875582334656180e+01 7.860000000000000853e+01
1.058414820291458192e+01 1.144627852055054973e+01 7.870000000000000284e+01
1.067873020273671791e+01 1.141380937658823669e+01 7.880000000000001137e+01
1.070120230456935495e+01 1.146061334458535086e+01 7.890000000000000568e+01
1.072712123548565444e+01 1.150751105705659683e+01 7.900000000000000000e+01
1.075640851727240133e+01 1.155456706296342517e+01 7.910000000000000853e+01
1.078901703600640438e+01 1.160181755127837988e+01 7.920000000000000284e+01
1.082492356327693450e+01 1.164927346368558503e+01 7.930000000000001137e+01
1.091950556309907050e+01 1.161680431972327199e+01 7.940000000000000568e+01
1.095673931001684842e+01 1.167301724223131920e+01 7.950000000000000000e+01
1.099835389259153118e+01 1.172842942865187688e+01 7.960000000000000853e+01
1.104420219234163980e+01 1.178308725719466032e+01 7.970000000000000284e+01
1.113878419216377580e+01 1.175061811323234728e+01 7.980000000000001137e+01
1.118876354395486139e+01 1.181262933082885169e+01 7.990000000000000568e+01
1.124369362277107420e+01 1.187272166159770137e+01 8.000000000000000000e+01
1.133827562259321020e+01 1.184025251763538833e+01 8.010000000000000853e+01
1.139944264537982477e+01 1.190584452436138108e+01 8.020000000000000284e+01
1.146582150943243938e+01 1.196834903938805539e+01 8.030000000000001137e+01
1.156040350925457538e+01 1.193587989542574235e+01 8.040000000000000568e+01
1.163448197010817431e+01 1.200139696000590561e+01 8.050000000000000000e+01
1.172906396993031031e+01 1.196892781604359257e+01 8.060000000000000853e+01
1.181176988403473338e+01 1.203532624687542096e+01 8.070000000000000284e+01
1.190635188385686938e+01 1.200285710291310792e+01 8.080000000000001137e+01
1.194937192515714663e+01 1.188567035288975049e+01 8.090000000000000568e+01
1.204300130973172323e+01 1.196331615927329750e+01 8.100000000000000000e+01
1.210621091087019074e+01 1.223709206092849300e+01 8.110000000000000853e+01
1.213245388870386776e+01 1.208462429129717997e+01 8.120000000000000284e+01
1.217338591411371773e+01 1.194475856626456789e+01 8.130000000000001137e+01
1.226786466936010811e+01 1.221350327737545172e+01 8.140000000000000568e+01
1.230188073213523303e+01 1.204698058026434104e+01 8.150000000000000000e+01
1.235158103830553422e+01 1.189816460671351095e+01 8.160000000000000853e+01
1.249382091306153519e+01 1.216304549400742729e+01 8.170000000000000284e+01
1.254582377319274755e+01 1.198379062001575157e+01 8.180000000000001137e+01
1.261216102536067218e+01 1.182826055245016761e+01 8.190000000000000568e+01
1.282407480050552451e+01 1.207388949608500361e+01 8.200000000000000000e+01
1.290819140415356259e+01 1.189450235384691723e+01 8.210000000000000853e+01
1.300066058567409399e+01 1.174199000096249890e+01 8.220000000000000284e+01
1.309840075661372794e+01 1.160753921203102124e+01 8.230000000000001137e+01
1.325129598884234206e+01 1.165787964251817677e+01 8.240000000000000568e+01
1.334587798866447805e+01 1.162541049855586373e+01 8.250000000000000000e+01
1.344045998848661405e+01 1.159294135459355068e+01 8.260000000000000853e+01
1.353504198830875005e+01 1.156047221063123764e+01 8.270000000000000284e+01
1.362962398813088605e+01 1.152800306666892460e+01 8.280000000000001137e+01
1.372420598795302205e+01 1.149553392270661156e+01 8.290000000000000568e+01
1.381878798777515804e+01 1.146306477874429852e+01 8.300000000000000000e+01
1.391336998759729404e+01 1.143059563478198548e+01 8.310000000000000853e+01
1.400795198741943004e+01 1.139812649081967244e+01 8.320000000000000284e+01
1.410253398724156604e+01 1.136565734685735940e+01 8.330000000000001137e+01
1.419711598706370204e+01 1.133318820289504636e+01 8.340000000000000568e+01
1.429169798688583803e+01 1.130071905893273332e+01 8.350000000000000000e+01
1.438627998670797403e+01 1.126824991497042028e+01 8.360000000000000853e+01
1.448086198653011003e+01 1.123578077100810724e+01 8.370000000000000284e+01
1.457544398635224603e+01 1.120331162704579420e+01 8.380000000000001137e+01
1.467002598617438203e+01 1.117084248308348116e+01 8.390000000000000568e+01
1.476460798599651802e+01 1.113837333912116812e+01 8.400000000000000000e+01
1.485918998581865402e+01 1.110590419515885507e+01 8.410000000000000853e+01
1.495377198564079002e+01 1.107343505119654203e+01 8.420000000000000284e+01
1.504835398546292602e+01 1.104096590723422899e+01 8.430000000000001137e+01
1.514293598528506202e+01 1.100849676327191595e+01 8.440000000000000568e+01
1.523751798510719802e+01 1.097602761930960291e+01 8.450000000000000000e+01
1.533209998492933401e+01 1.094355847534728987e+01 8.460000000000000853e+01
1.542668198475147001e+01 1.091108933138497683e+01 8.470000000000000284e+01
1.552126398457360601e+01 1.087862018742266379e+01 8.480000000000001137e+01
1.561584598439574201e+01 1.084615104346035075e+01 8.490000000000000568e+01
1.571042798421787801e+01 1.081368189949803771e+01 8.500000000000000000e+01
1.580500998404001400e+01 1.078121275553572467e+01 8.510000000000000853e+01
1.589959198386215000e+01 1.074874361157341163e+01 8.520000000000000284e+01
1.599417398368428600e+01 1.071627446761109859e+01 8.530000000000001137e+01
1.608875598350642377e+01 1.068380532364878555e+01 8.540000000000000568e+01
1.618333798332855977e+01 1.065133617968647251e+01 8.550000000000000000e+01
1.627791998315069577e+01 1.061886703572415946e+01 8.560000000000000853e+01
1.637250198297283177e+01 1.058639789176184642e+01 8.570000000000000284e+01
1.646708398279496777e+01 1.055392874779953338e+01 8.580000000000001137e+01
1.656166598261710377e+01 1.052145960383722034e+01 8.590000000000000568e+01
1.665624798243923976e+01 1.048899045987490730e+01 8.600000000000000000e+01
1.675082998226137576e+01 1.045652131591259426e+01 8.610000000000000853e+01
1.684541198208351176e+01 1.042405217195028122e+01 8.620000000000000284e+01
1.693999398190564776e+01 1.039158302798796818e+01 8.630000000000001137e+01
1.703457598172778376e+01 1.035911388402565514e+01 8.640000000000000568e+01
1.712915798154991975e+01 1.032664474006334210e+01 8.650000000000000000e+01
1.722373998137205575e+01 1.029417559610102906e+01 8.660000000000000853e+01
1.731832198119419175e+01 1.026170645213871602e+01 8.670000000000000284e+01
1.741290398101632775e+01 1.022923730817640298e+01 8.680000000000001137e+01
1.750748598083846375e+01 1.019676816421408994e+01 8.690000000000000568e+01
1.760206798066059974e+01 1.016429902025177689e+01 8.700000000000000000e+01
1.769664998048273574e+01 1.013182987628946385e+01 8.710000000000000853e+01
1.779123198030487174e+01 1.009936073232715081e+01 8.720000000000000284e+01
1.788581398012700774e+01 1.006689158836483777e+01 8.730000000000001137e+01
1.798039597994914374e+01 1.003442244440252473e+01 8.740000000000000568e+01
1.807497797977127973e+01 1.000195330044021169e+01 8.750000000000000000e+01
1.816955997959341573e+01 9.969484156477898651e+00 8.760000000000000853e+01
1.826414197941555173e+01 9.937015012515585610e+00 8.770000000000000284e+01
1.835872397923768773e+01 9.904545868553272570e+00 8.780000000000001137e+01
1.845330597905982373e+01 9.872076724590959529e+00 8.790000000000000568e+01
1.854788797888195973e+01 9.839607580628646488e+00 8.800000000000000000e+01
1.864246997870409572e+01 9.807138436666333448e+00 8.810000000000000853e+01
1.873705197852623172e+01 9.774669292704020407e+00 8.820000000000000284e+01
1.883163397834836772e+01 9.742200148741707366e+00 8.830000000000001137e+01
1.892621597817050372e+01 9.709731004779394326e+00 8.840000000000000568e+01
1.902079797799263972e+01 9.677261860817081285e+00 8.850000000000000000e+01
1.911537997781477571e+01 9.644792716854768244e+00 8.860000000000000853e+01
1.920996197763691171e+01 9.612323572892455203e+00 8.870000000000000284e+01
1.930454397745904771e+01 9.579854428930142163e+00 8.880000000000001137e+01
1.939912597728118371e+01 9.547385284967829122e+00 8.890000000000000568e+01
1.949370797710331971e+01 9.514916141005516081e+00 8.900000000000000000e+01
1.958828997692545570e+01 9.482446997043203041e+00 8.910000000000000853e+01
1.968287197674759170e+01 9.449977853080890000e+00 8.920000000000000284e+01
1.977745397656972770e+01 9.417508709118576959e+00 8.930000000000001137e+01
1.987203597639186370e+01 9.385039565156263919e+00 8.940000000000000568e+01
1.996661797621399970e+01 9.352570421193950878e+00 8.950000000000000000e+01
6.119997603613569481e-02 9.320101277231637837e+00 8.960000000000000853e+01
1.557819758582717484e-01 9.287632133269324797e+00 8.970000000000000284e+01
2.503639756804078020e-01 9.255162989307011756e+00 8.980000000000001137e+01
3.449459755025438557e-01 9.222693845344698715e+00 8.990000000000000568e+01
4.395279753246799093e-01 9.190224701382385675e+00 9.000000000000000000e+01
5.341099751468160184e-01 9.157755557420072634e+00 9.010000000000000853e+01
6.286919749689521275e-01 9.125286413457759593e+00 9.020000000000000284e+01
7.232739747910882366e-01 9.092817269495446553e+00 9.030000000000001137e+01
8.178559746132243458e-01 9.060348125533133512e+00 9.040000000000000568e+01
9.124379744353604549e-01 9.027878981570820471e+00 9.050000000000000000e+01
1.007019974257496564e+00 8.995409837608507431e+00 9.060000000000000853e+01
1.101601974079632562e+00 8.962940693646194390e+00 9.070000000000000284e+01
1.196183973901768560e+00 8.930471549683881349e+00 9.080000000000001137e+01
1.290765973723904558e+00 8.898002405721568309e+00 9.090000000000000568e+01
1.385347973546040556e+00 8.865533261759255268e+00 9.100000000000000000e+01
1.479929973368176555e+00 8.833064117796942227e+00 9.110000000000000853e+01
1.574511973190312553e+00 8.800594973834629187e+00 9.120000000000000284e+01
1.669093973012448551e+00 8.768125829872316146e+00 9.130000000000001137e+01
1.763675972834584549e+00 8.735656685910003105e+00 9.140000000000000568e+01
1.858257972656720547e+00 8.703187541947690065e+00 9.150000000000000000e+01
1.952839972478856545e+00 8.670718397985377024e+00 9.160000000000000853e+01
2.047421972300992543e+00 8.638249254023063983e+00 9.170000000000000284e+01
2.142003972123128541e+00 8.605780110060750943e+00 9.180000000000001137e+01
2.236585971945264539e+00 8.573310966098437902e+00 9.190000000000000568e+01
2.331167971767400537e+00 8.540841822136124861e+00 9.200000000000000000e+01
2.425749971589536536e+00 8.508372678173811821e+00 9.210000000000000853e+01
2.520331971411672534e+00 8.475903534211498780e+00 9.220000000000000284e+01
2.614913971233808532e+00 8.443434390249185739e+00 9.230000000000001137e+01
2.709495971055944530e+00 8.410965246286872699e+00 9.240000000000000568e+01
2.804077970878080528e+00 8.378496102324559658e+00 9.250000000000000000e+01
2.813398948656410159e+00 8.297325501169499518e+00 9.260000000000000853e+01
2.907980948478546157e+00 8.264856357207186477e+00 9.270000000000000284e+01
2.918925971900979466e+00 8.175742969049050402e+00 9.280000000000001137e+01
3.013507971723115464e+00 8.143273825086737361e+00 9.290000000000000568e+01
3.028336641871262280e+00 8.046698185492806132e+00 9.300000000000000000e+01
3.122918641693398278e+00 8.014229041530493092e+00 9.310000000000000853e+01
3.143793026830346893e+00 7.911218988156980991e+00 9.320000000000000284e+01
3.238375026652482891e+00 7.878749844194667062e+00 9.330000000000001137e+01
3.267115739061491997e+00 7.770816689569050695e+00 9.340000000000000568e+01
3.361697738883627995e+00 7.738347545606736766e+00 9.350000000000000000e+01
3.456279738705763993e+00 7.705878401644422837e+00 9.360000000000000853e+01
3.496591420820923002e+00 7.590024743904342230e+00 9.370000000000000284e+01
3.591173420643059000e+00 7.557555599942028302e+00 9.380000000000001137e+01
3.685755420465194998e+00 7.525086455979714373e+00 9.390000000000000568e+01
3.780337420287330996e+00 7.492617312017400444e+00 9.400000000000000000e+01
3.874919420109466994e+00 7.460148168055086515e+00 9.410000000000000853e+01
3.969501419931602992e+00 7.427679024092772586e+00 9.420000000000000284e+01
4.064083419753739435e+00 7.395209880130458657e+00 9.430000000000001137e+01
4.158665419575875433e+00 7.362740736168144728e+00 9.440000000000000568e+01
4.253247419398011431e+00 7.330271592205830800e+00 9.450000000000000000e+01
4.347829419220147429e+00 7.297802448243516871e+00 9.460000000000000853e+01
4.442411419042283427e+00 7.265333304281202942e+00 9.470000000000000284e+01
4.536993418864419425e+00 7.232864160318889013e+00 9.480000000000001137e+01
4.631575418686555423e+00 7.200395016356575084e+00 9.490000000000000568e+01
4.726157418508691421e+00 7.167925872394261155e+00 9.500000000000000000e+01
4.820739418330827419e+00 7.135456728431947226e+00 9.510000000000000853e+01
4.915321418152963417e+00 7.102987584469633298e+00 9.520000000000000284e+01
5.009903417975099416e+00 7.070518440507319369e+00 9.530000000000001137e+01
5.104485417797235414e+00 7.038049296545005440e+00 9.540000000000000568e+01
5.199067417619371412e+00 7.005580152582691511e+00 9.550000000000000000e+01
5.293649417441507410e+00 6.973111008620377582e+00 9.560000000000000853e+01
5.388231417263643408e+00 6.940641864658063653e+00 9.570000000000000284e+01
5.482813417085779406e+00 6.908172720695749724e+00 9.580000000000001137e+01
5.577395416907915404e+00 6.875703576733435796e+00 9.590000000000000568e+01
5.671977416730051402e+00 6.843234432771121867e+00 9.600000000000000000e+01
5.766559416552187400e+00 6.810765288808807938e+00 9.610000000000000853e+01
5.861141416374323398e+00 6.778296144846494009e+00 9.620000000000000284e+01
5.955723416196459397e+00 6.745827000884180080e+00 9.630000000000001137e+01
6.050305416018595395e+00 6.713357856921866151e+00 9.640000000000000568e+01
6.144887415840731393e+00 6.680888712959552223e+00 9.650000000000000000e+01
6.239469415662867391e+00 6.648419568997238294e+00 9.660000000000000853e+01
6.334051415485003389e+00 6.615950425034924365e+00 9.670000000000000284e+01
6.428633415307139387e+00 6.583481281072610436e+00 9.680000000000001137e+01
6.523215415129275385e+00 6.551012137110296507e+00 9.690000000000000568e+01
6.617797414951411383e+00 6.518542993147982578e+00 9.700000000000000000e+01
6.712379414773547381e+00 6.486073849185668649e+00 9.710000000000000853e+01
6.806961414595683380e+00 6.453604705223354721e+00 9.720000000000000284e+01
6.901543414417819378e+00 6.421135561261040792e+00 9.730000000000001137e+01
6.996125414239955376e+00 6.388666417298726863e+00 9.740000000000000568e+01
7.090707414062091374e+00 6.356197273336412934e+00 9.750000000000000000e+01
7.185289413884227372e+00 6.323728129374099005e+00 9.760000000000000853e+01
7.279871413706363370e+00 6.291258985411785076e+00 9.770000000000000284e+01
7.374453413528499368e+00 6.258789841449471147e+00 9.780000000000001137e+01
7.469035413350635366e+00 6.226320697487157219e+00 9.790000000000000568e+01
7.563617413172771364e+00 6.193851553524843290e+00 9.800000000000000000e+01
7.658199412994907362e+00 6.161382409562529361e+00 9.810000000000000853e+01
7.752781412817043361e+00 6.128913265600215432e+00 9.820000000000000284e+01
7.847363412639179359e+00 6.096444121637901503e+00 9.830000000000001137e+01
7.941945412461315357e+00 6.063974977675587574e+00 9.840000000000000568e+01
8.036527412283451355e+00 6.031505833713273645e+00 9.850000000000000000e+01
8.131109412105587353e+00 5.999036689750959717e+00 9.860000000000000853e+01
8.225691411927723351e+00 5.966567545788645788e+00 9.870000000000000284e+01
8.320273411749859349e+00 5.934098401826331859e+00 9.880000000000001137e+01
8.414855411571995347e+00 5.901629257864017930e+00 9.890000000000000568e+01
8.509437411394131345e+00 5.869160113901704001e+00 9.900000000000000000e+01
8.604019411216267343e+00 5.836690969939390072e+00 9.910000000000000853e+01
8.698601411038403342e+00 5.804221825977076143e+00 9.920000000000000284e+01
8.793183410860539340e+00 5.771752682014762215e+00 9.930000000000001137e+01
8.887765410682675338e+00 5.739283538052448286e+00 9.940000000000000568e+01
8.982347410504811336e+00 5.706814394090134357e+00 9.950000000000000000e+01
9.076929410326947334e+00 5.674345250127820428e+00 9.960000000000000853e+01
9.171511410149083332e+00 5.641876106165506499e+00 9.970000000000000284e+01
9.266093409971219330e+00 5.609406962203192570e+00 9.980000000000001137e+01
9.360675409793355328e+00 5.576937818240878642e+00 9.990000000000000568e+01
9.455257409615491326e+00 5.544468674278564713e+00 1.000000000000000000e+02
